frame,time_s,defenders,raider_found,referees,defenders_s
0,0.0,5,1,2,6.5
1,0.02,6,1,2,7.0
2,0.03,6,1,2,7.0
3,0.05,6,1,2,7.0
4,0.07,7,1,2,7.0
5,0.08,7,1,2,7.0
6,0.1,7,1,2,6.5
7,0.12,7,1,2,6.0
8,0.13,7,1,1,6.0
9,0.15,7,1,1,6.0
10,0.17,6,1,1,6.0
11,0.18,7,1,2,7.0
12,0.2,6,1,1,7.0
13,0.22,6,1,1,7.0
14,0.23,6,1,1,7.0
15,0.25,6,1,1,7.0
16,0.27,6,1,1,7.0
17,0.28,6,1,2,7.0
18,0.3,7,1,2,7.0
19,0.32,7,1,2,7.0
20,0.33,7,1,1,7.0
21,0.35,7,1,1,7.0
22,0.37,7,1,1,7.0
23,0.38,7,1,1,7.0
24,0.4,7,1,1,7.0
25,0.42,7,1,1,7.0
26,0.43,7,1,1,7.0
27,0.45,7,1,1,7.0
28,0.47,7,1,1,7.0
29,0.48,7,1,1,7.0
30,0.5,7,1,1,7.0
31,0.52,7,1,1,7.0
32,0.53,7,1,1,7.0
33,0.55,7,1,1,7.0
34,0.57,7,1,1,7.0
35,0.58,7,1,1,7.0
36,0.6,7,1,1,7.0
37,0.62,7,1,1,7.0
38,0.63,7,1,2,7.0
39,0.65,7,1,2,7.0
40,0.67,7,1,2,7.0
41,0.68,7,1,2,7.0
42,0.7,7,1,2,7.0
43,0.72,7,1,2,7.0
44,0.73,7,1,2,7.0
45,0.75,7,1,2,7.0
46,0.77,7,1,2,7.0
47,0.78,7,1,2,7.0
48,0.8,7,1,2,7.0
49,0.82,7,1,2,7.0
50,0.83,7,1,2,7.0
51,0.85,7,1,2,7.0
52,0.87,7,1,2,7.0
53,0.88,7,1,2,7.0
54,0.9,7,1,2,7.0
55,0.92,7,1,2,7.0
56,0.93,7,1,2,7.0
57,0.95,7,1,1,7.0
58,0.97,7,1,2,7.0
59,0.98,7,1,2,7.0
60,1.0,7,1,1,7.0
61,1.02,7,1,2,7.0
62,1.03,7,1,1,7.0
63,1.05,7,1,1,7.0
64,1.07,7,1,1,7.0
65,1.08,7,1,2,7.0
66,1.1,7,1,2,7.0
67,1.12,7,1,2,7.0
68,1.13,7,1,2,7.0
69,1.15,7,1,2,7.0
70,1.17,7,1,2,7.0
71,1.18,7,1,2,7.0
72,1.2,7,1,2,7.0
73,1.22,7,1,2,7.0
74,1.23,7,1,2,7.0
75,1.25,7,1,2,7.0
76,1.27,7,1,2,7.0
77,1.28,7,1,1,7.0
78,1.3,7,1,1,7.0
79,1.32,7,1,1,7.0
80,1.33,7,1,1,7.0
81,1.35,7,1,1,7.0
82,1.37,7,1,1,7.0
83,1.38,7,1,1,7.0
84,1.4,7,1,2,7.0
85,1.42,7,1,2,7.0
86,1.43,7,1,2,7.0
87,1.45,7,1,2,7.0
88,1.47,7,1,2,7.0
89,1.48,7,1,2,7.0
90,1.5,7,1,2,7.0
91,1.52,7,1,2,7.0
92,1.53,7,1,2,7.0
93,1.55,7,1,2,7.0
94,1.57,7,1,2,7.0
95,1.58,7,1,2,7.0
96,1.6,7,1,2,7.0
97,1.62,7,1,2,7.0
98,1.63,7,1,2,7.0
99,1.65,7,1,2,7.0
100,1.67,7,1,2,7.0
101,1.68,7,1,2,7.0
102,1.7,7,1,2,7.0
103,1.72,7,1,2,7.0
104,1.73,7,1,2,7.0
105,1.75,7,1,2,7.0
106,1.77,7,1,2,7.0
107,1.78,7,1,2,7.0
108,1.8,7,1,2,7.0
109,1.82,7,1,2,7.0
110,1.83,7,1,2,7.0
111,1.85,7,1,2,7.0
112,1.87,6,1,2,6.0
113,1.88,6,1,2,6.0
114,1.9,6,1,2,6.0
115,1.92,6,1,2,6.0
116,1.93,6,1,2,6.0
117,1.95,6,1,2,6.0
118,1.97,6,1,2,6.0
119,1.98,6,1,2,6.0
120,2.0,6,1,2,6.0
121,2.02,7,1,2,6.0
122,2.03,6,1,2,6.0
123,2.05,6,1,2,6.0
124,2.07,6,1,2,6.0
125,2.08,6,1,2,6.0
126,2.1,6,1,2,6.0
127,2.12,6,1,2,6.0
128,2.13,6,1,2,6.0
129,2.15,6,1,2,6.0
130,2.17,5,1,2,6.0
131,2.18,6,1,2,6.0
132,2.2,6,1,2,6.0
133,2.22,6,1,2,6.0
134,2.23,6,1,2,6.0
135,2.25,6,1,2,6.0
136,2.27,7,1,2,7.0
137,2.28,7,1,1,7.0
138,2.3,7,1,1,7.0
139,2.32,7,1,1,7.0
140,2.33,7,1,2,7.0
141,2.35,7,1,2,7.0
142,2.37,7,1,2,7.0
143,2.38,7,1,2,7.0
144,2.4,7,1,2,7.0
145,2.42,7,1,2,7.0
146,2.43,7,1,1,7.0
147,2.45,8,1,1,7.0
148,2.47,7,1,2,7.0
149,2.48,7,1,2,7.0
150,2.5,7,1,2,7.0
151,2.52,7,1,2,7.0
152,2.53,7,1,2,7.0
153,2.55,7,1,2,7.0
154,2.57,7,1,1,7.0
155,2.58,7,1,2,7.0
156,2.6,6,1,2,7.0
157,2.62,6,1,1,6.0
158,2.63,7,1,2,6.0
159,2.65,6,1,1,6.0
160,2.67,5,0,1,6.0
161,2.68,5,1,2,5.0
162,2.7,5,1,1,5.0
163,2.72,6,0,1,5.0
164,2.73,5,1,2,5.0
165,2.75,4,1,2,5.0
166,2.77,5,1,2,5.0
167,2.78,5,1,2,5.0
168,2.8,5,1,2,5.0
169,2.82,5,1,2,5.0
170,2.83,5,1,2,5.0
171,2.85,5,1,1,5.0
172,2.87,6,1,1,5.0
173,2.88,6,1,1,5.0
174,2.9,6,1,1,5.0
175,2.92,6,1,1,5.0
176,2.93,4,1,1,5.0
177,2.95,4,1,1,5.0
178,2.97,5,1,0,5.0
179,2.98,6,1,0,5.0
180,3.0,4,1,0,5.0
181,3.02,4,1,0,5.0
182,3.03,5,1,0,5.0
183,3.05,5,1,0,5.0
184,3.07,5,1,0,5.0
185,3.08,4,1,0,5.0
186,3.1,6,1,1,5.0
187,3.12,6,1,0,5.0
188,3.13,5,1,0,5.0
189,3.15,5,1,1,5.0
190,3.17,5,1,0,5.0
191,3.18,5,1,0,5.0
192,3.2,5,1,0,6.0
193,3.22,5,1,0,6.0
194,3.23,6,1,0,6.0
195,3.25,6,1,0,6.0
196,3.27,6,1,0,6.0
197,3.28,6,1,0,6.0
198,3.3,7,1,0,6.0
199,3.32,7,1,0,6.0
200,3.33,7,1,0,6.0
201,3.35,6,1,0,6.0
202,3.37,6,1,0,6.0
203,3.38,6,1,0,6.0
204,3.4,6,1,0,6.0
205,3.42,6,1,0,6.0
206,3.43,6,1,0,6.0
207,3.45,6,1,0,6.0
208,3.47,6,1,0,6.0
209,3.48,6,1,0,6.0
210,3.5,6,1,0,6.0
211,3.52,6,1,0,6.0
212,3.53,6,1,0,6.0
213,3.55,6,1,0,6.0
214,3.57,6,1,0,6.0
215,3.58,6,1,0,6.0
216,3.6,6,1,0,6.0
217,3.62,6,1,0,6.0
218,3.63,6,1,0,6.0
219,3.65,6,1,0,6.0
220,3.67,6,1,0,6.0
221,3.68,6,1,0,6.0
222,3.7,6,1,0,6.0
223,3.72,6,1,0,6.0
224,3.73,6,1,0,6.0
225,3.75,6,1,0,6.0
226,3.77,6,1,0,6.0
227,3.78,6,1,0,6.0
228,3.8,6,1,0,6.0
229,3.82,6,1,0,6.0
230,3.83,6,1,0,6.0
231,3.85,6,1,0,6.0
232,3.87,6,1,0,6.0
233,3.88,6,1,0,6.0
234,3.9,6,1,0,6.0
235,3.92,7,1,0,7.0
236,3.93,7,1,0,7.0
237,3.95,7,1,0,7.0
238,3.97,7,1,0,7.0
239,3.98,7,1,0,7.0
240,4.0,7,1,1,7.0
241,4.02,7,1,1,7.0
242,4.03,7,1,1,7.0
243,4.05,6,1,1,6.0
244,4.07,6,1,2,6.0
245,4.08,6,1,2,6.0
246,4.1,6,1,2,6.0
247,4.12,6,1,2,6.0
248,4.13,6,1,2,6.0
249,4.15,6,1,2,6.0
250,4.17,6,1,2,6.0
251,4.18,6,1,2,6.0
252,4.2,6,1,2,6.0
253,4.22,6,1,2,6.0
254,4.23,6,1,2,6.0
255,4.25,6,1,2,6.0
256,4.27,7,1,1,6.0
257,4.28,6,1,1,6.0
258,4.3,7,1,1,6.0
259,4.32,7,1,1,6.0
260,4.33,7,1,2,6.0
261,4.35,6,1,2,6.0
262,4.37,6,1,1,6.0
263,4.38,6,1,2,6.0
264,4.4,6,1,2,6.0
265,4.42,7,1,2,6.0
266,4.43,6,1,2,6.0
267,4.45,6,1,2,6.0
268,4.47,6,1,2,6.0
269,4.48,6,1,2,6.0
270,4.5,6,1,2,6.0
271,4.52,7,1,2,6.0
272,4.53,6,1,2,6.0
273,4.55,6,1,2,6.0
274,4.57,6,1,2,6.0
275,4.58,6,1,2,6.0
276,4.6,6,1,2,6.0
277,4.62,6,1,2,6.0
278,4.63,6,1,2,6.0
279,4.65,6,1,2,6.0
280,4.67,6,1,2,6.0
281,4.68,6,1,2,6.0
282,4.7,6,1,2,6.0
283,4.72,6,1,2,6.0
284,4.73,6,1,2,6.0
285,4.75,6,1,2,6.0
286,4.77,6,1,2,6.0
287,4.78,6,1,2,6.0
288,4.8,6,1,2,6.0
289,4.82,6,1,2,6.0
290,4.83,6,1,1,6.0
291,4.85,6,1,1,6.0
292,4.87,6,1,2,6.0
293,4.88,6,1,2,6.0
294,4.9,6,1,1,6.0
295,4.92,6,1,2,6.0
296,4.93,6,1,2,6.0
297,4.95,6,1,2,6.0
298,4.97,6,1,2,6.0
299,4.98,6,1,2,6.0
300,5.0,6,1,2,6.0
301,5.02,6,1,2,6.0
302,5.03,6,1,2,6.0
303,5.05,6,1,2,6.0
304,5.07,6,1,2,6.0
305,5.08,6,1,2,6.0
306,5.1,6,1,2,6.0
307,5.12,6,1,2,6.0
308,5.13,6,1,2,6.0
309,5.15,6,1,2,6.0
310,5.17,6,1,2,6.0
311,5.18,6,1,2,6.0
312,5.2,6,1,2,6.0
313,5.22,6,1,2,6.0
314,5.23,6,1,2,6.0
315,5.25,7,1,2,6.0
316,5.27,7,1,2,7.0
317,5.28,7,1,1,7.0
318,5.3,6,1,1,7.0
319,5.32,7,1,1,7.0
320,5.33,7,1,1,7.0
321,5.35,7,1,1,7.0
322,5.37,7,1,1,7.0
323,5.38,7,1,1,7.0
324,5.4,7,1,1,7.0
325,5.42,7,1,1,7.0
326,5.43,7,1,0,7.0
327,5.45,7,1,0,7.0
328,5.47,7,1,0,7.0
329,5.48,7,1,0,7.0
330,5.5,7,1,0,7.0
331,5.52,7,1,0,7.0
332,5.53,7,1,0,7.0
333,5.55,7,1,0,7.0
334,5.57,7,1,0,7.0
335,5.58,7,1,0,7.0
336,5.6,7,1,0,7.0
337,5.62,7,1,0,7.0
338,5.63,7,1,0,7.0
339,5.65,7,1,0,7.0
340,5.67,7,1,0,7.0
341,5.68,7,1,0,7.0
342,5.7,7,1,0,7.0
343,5.72,7,1,0,7.0
344,5.73,7,1,0,7.0
345,5.75,7,1,0,7.0
346,5.77,7,1,0,7.0
347,5.78,7,1,0,7.0
348,5.8,7,1,0,7.0
349,5.82,7,1,0,7.0
350,5.83,7,1,0,7.0
351,5.85,8,1,0,7.0
352,5.87,7,1,0,7.0
353,5.88,7,1,0,7.0
354,5.9,7,1,0,7.0
355,5.92,7,1,0,7.0
356,5.93,7,1,0,7.0
357,5.95,7,1,0,7.0
358,5.97,7,1,0,7.0
359,5.98,7,1,0,7.0
360,6.0,7,1,0,7.0
361,6.02,7,1,0,7.0
362,6.03,7,1,0,7.0
363,6.05,7,1,0,7.0
364,6.07,7,1,0,7.0
365,6.08,7,1,0,7.0
366,6.1,7,1,0,7.0
367,6.12,7,1,0,7.0
368,6.13,7,1,0,7.0
369,6.15,7,1,0,7.0
370,6.17,7,1,0,7.0
371,6.18,7,1,0,7.0
372,6.2,7,1,0,7.0
373,6.22,7,1,0,7.0
374,6.23,7,1,0,7.0
375,6.25,7,1,0,7.0
376,6.27,7,1,0,7.0
377,6.28,7,1,0,7.0
378,6.3,7,1,0,7.0
379,6.32,6,1,0,7.0
380,6.33,6,1,0,6.0
381,6.35,6,1,0,6.0
382,6.37,6,1,0,6.0
383,6.38,6,1,0,6.0
384,6.4,7,1,1,6.0
385,6.42,6,1,1,6.0
386,6.43,6,1,1,6.0
387,6.45,6,1,0,6.0
388,6.47,6,1,0,6.0
389,6.48,6,1,1,6.0
390,6.5,6,1,1,6.0
391,6.52,6,1,1,6.0
392,6.53,6,1,1,6.0
393,6.55,6,1,1,6.0
394,6.57,6,1,1,6.0
395,6.58,6,1,0,6.0
396,6.6,6,1,1,6.0
397,6.62,6,1,1,6.0
398,6.63,6,1,1,6.0
399,6.65,6,1,1,6.0
400,6.67,6,1,1,6.0
401,6.68,6,1,1,6.0
402,6.7,6,1,1,6.0
403,6.72,6,1,1,6.0
404,6.73,6,1,1,6.0
405,6.75,6,1,1,6.0
406,6.77,7,1,1,6.0
407,6.78,7,1,0,6.0
408,6.8,7,1,0,6.0
409,6.82,7,1,0,6.0
410,6.83,7,1,0,6.0
411,6.85,7,1,0,6.0
412,6.87,6,1,0,6.0
413,6.88,6,1,0,6.0
414,6.9,6,1,0,6.0
415,6.92,6,1,0,6.0
416,6.93,6,1,0,6.0
417,6.95,6,1,0,6.0
418,6.97,6,1,0,6.0
419,6.98,6,1,0,6.0
420,7.0,6,1,0,6.0
421,7.02,6,1,0,6.0
422,7.03,6,1,0,6.0
423,7.05,6,1,0,6.0
424,7.07,6,1,0,6.0
425,7.08,6,1,0,6.0
426,7.1,7,1,0,7.0
427,7.12,7,1,0,7.0
428,7.13,7,1,0,7.0
429,7.15,7,1,0,7.0
430,7.17,7,1,0,7.0
431,7.18,7,1,0,7.0
432,7.2,7,1,0,7.0
433,7.22,7,1,0,7.0
434,7.23,7,1,0,7.0
435,7.25,6,1,0,7.0
436,7.27,6,1,0,7.0
437,7.28,7,1,0,7.0
438,7.3,7,1,0,7.0
439,7.32,7,1,0,7.0
440,7.33,7,1,0,7.0
441,7.35,7,1,0,7.0
442,7.37,7,1,0,7.0
443,7.38,7,1,0,7.0
444,7.4,6,1,0,7.0
445,7.42,6,1,0,7.0
446,7.43,6,1,0,7.0
447,7.45,6,1,0,7.0
448,7.47,7,1,0,7.0
449,7.48,7,1,0,7.0
450,7.5,6,1,0,6.0
451,7.52,6,1,0,6.0
452,7.53,7,1,0,6.0
453,7.55,7,1,0,6.0
454,7.57,7,1,0,6.0
455,7.58,7,1,0,6.0
456,7.6,6,1,0,6.0
457,7.62,6,1,0,6.0
458,7.63,6,1,0,6.0
459,7.65,6,1,0,6.0
460,7.67,6,1,0,6.0
461,7.68,6,1,0,6.0
462,7.7,6,1,0,6.0
463,7.72,7,1,0,6.0
464,7.73,7,1,0,6.0
465,7.75,6,1,0,6.0
466,7.77,6,1,0,6.0
467,7.78,7,1,0,6.0
468,7.8,8,0,0,6.0
469,7.82,8,0,0,6.0
470,7.83,7,1,0,6.0
471,7.85,6,1,0,6.0
472,7.87,6,1,0,6.0
473,7.88,7,1,0,6.0
474,7.9,6,1,0,6.0
475,7.92,6,1,0,6.0
476,7.93,6,1,0,6.0
477,7.95,6,1,0,6.0
478,7.97,6,1,0,6.0
479,7.98,6,1,0,6.0
480,8.0,6,1,0,6.0
481,8.02,7,0,0,6.0
482,8.03,6,1,0,6.0
483,8.05,7,1,0,6.0
484,8.07,7,1,0,6.0
485,8.08,7,1,0,6.0
486,8.1,7,1,0,6.0
487,8.12,6,1,0,6.0
488,8.13,6,1,0,6.0
489,8.15,6,1,0,6.0
490,8.17,6,1,0,6.0
491,8.18,6,1,0,6.0
492,8.2,6,1,0,6.0
493,8.22,6,1,0,6.0
494,8.23,6,1,0,6.0
495,8.25,6,1,0,6.0
496,8.27,6,1,0,6.0
497,8.28,6,1,0,6.0
498,8.3,6,1,0,6.0
499,8.32,6,1,0,6.0
500,8.33,6,1,0,6.0
501,8.35,6,1,0,6.0
502,8.37,6,1,0,6.0
503,8.38,6,1,0,6.0
504,8.4,6,1,0,6.0
505,8.42,6,1,0,6.0
506,8.43,6,1,0,6.0
507,8.45,6,1,0,6.0
508,8.47,6,1,0,6.0
509,8.48,6,1,0,6.0
510,8.5,6,1,0,6.0
511,8.52,6,1,0,6.0
512,8.53,6,1,0,6.0
513,8.55,6,1,1,6.0
514,8.57,6,1,0,6.0
515,8.58,6,1,1,6.0
516,8.6,6,1,1,6.0
517,8.62,6,1,1,6.0
518,8.63,6,1,1,6.0
519,8.65,6,1,0,6.0
520,8.67,6,1,0,6.0
521,8.68,6,1,1,6.0
522,8.7,6,1,0,6.0
523,8.72,6,1,0,6.0
524,8.73,6,1,0,6.0
525,8.75,6,1,0,6.0
526,8.77,6,1,1,6.0
527,8.78,6,1,1,6.0
528,8.8,6,1,0,6.0
529,8.82,6,1,0,6.0
530,8.83,6,1,1,6.0
531,8.85,6,1,0,6.0
532,8.87,6,1,1,6.0
533,8.88,6,1,0,6.0
534,8.9,6,1,0,6.0
535,8.92,6,1,0,6.0
536,8.93,6,1,0,6.0
537,8.95,6,1,0,6.0
538,8.97,6,1,0,6.0
539,8.98,6,1,0,6.0
540,9.0,6,1,0,6.0
541,9.02,6,1,0,6.0
542,9.03,6,1,0,6.0
543,9.05,6,1,0,6.0
544,9.07,6,1,0,6.0
545,9.08,6,1,0,6.0
546,9.1,6,1,0,6.0
547,9.12,6,1,0,6.0
548,9.13,6,1,0,6.0
549,9.15,6,1,0,6.0
550,9.17,6,1,0,6.0
551,9.18,6,1,0,6.0
552,9.2,6,1,0,6.0
553,9.22,6,1,0,6.0
554,9.23,6,1,0,6.0
555,9.25,6,1,0,6.0
556,9.27,6,1,0,6.0
557,9.28,6,1,0,6.0
558,9.3,6,1,0,6.0
559,9.32,6,1,0,6.0
560,9.33,6,1,0,6.0
561,9.35,6,1,0,6.0
562,9.37,6,1,0,6.0
563,9.38,6,1,0,6.0
564,9.4,6,1,0,6.0
565,9.42,6,1,0,6.0
566,9.43,6,1,0,6.0
567,9.45,6,1,1,6.0
568,9.47,6,1,0,6.0
569,9.48,6,1,0,6.0
570,9.5,6,1,0,6.0
571,9.52,6,1,0,6.0
572,9.53,6,1,0,6.0
573,9.55,6,1,0,6.0
574,9.57,6,1,0,6.0
575,9.58,6,1,0,6.0
576,9.6,6,1,0,6.0
577,9.62,6,1,0,6.0
578,9.63,6,1,0,6.0
579,9.65,6,1,0,6.0
580,9.67,6,1,0,6.0
581,9.68,7,1,0,7.0
582,9.7,7,1,0,7.0
583,9.72,7,1,0,7.0
584,9.73,7,1,0,7.0
585,9.75,7,1,0,7.0
586,9.77,7,1,0,7.0
587,9.78,7,1,0,7.0
588,9.8,7,1,0,7.0
589,9.82,7,1,0,7.0
590,9.83,7,1,0,7.0
591,9.85,7,1,0,7.0
592,9.87,6,1,0,7.0
593,9.88,6,1,0,7.0
594,9.9,7,1,0,7.0
595,9.92,7,1,0,7.0
596,9.93,7,1,0,7.0
597,9.95,7,1,0,7.0
598,9.97,7,1,0,7.0
599,9.98,7,1,0,7.0
600,10.0,7,1,0,7.0
601,10.02,7,1,0,7.0
602,10.03,7,1,0,7.0
603,10.05,7,1,0,7.0
604,10.07,7,1,0,7.0
605,10.08,7,1,0,7.0
606,10.1,7,1,0,7.0
607,10.12,7,1,0,7.0
608,10.13,7,1,0,7.0
609,10.15,7,1,0,7.0
610,10.17,6,1,0,7.0
611,10.18,7,1,0,7.0
612,10.2,7,1,0,7.0
613,10.22,7,1,0,7.0
614,10.23,7,1,0,7.0
615,10.25,7,1,0,7.0
616,10.27,7,1,0,7.0
617,10.28,7,1,0,7.0
618,10.3,7,1,0,7.0
619,10.32,7,1,0,7.0
620,10.33,7,1,0,7.0
621,10.35,7,1,0,7.0
622,10.37,7,1,0,7.0
623,10.38,7,1,0,7.0
624,10.4,7,1,0,7.0
625,10.42,7,1,0,7.0
626,10.43,7,1,0,7.0
627,10.45,7,1,0,7.0
628,10.47,7,1,0,7.0
629,10.48,7,1,0,7.0
630,10.5,7,1,0,7.0
631,10.52,7,1,0,7.0
632,10.53,7,1,0,7.0
633,10.55,7,1,0,7.0
634,10.57,7,1,0,7.0
635,10.58,7,1,0,7.0
636,10.6,7,1,0,7.0
637,10.62,7,1,0,7.0
638,10.63,7,1,0,7.0
639,10.65,7,1,0,7.0
640,10.67,7,1,0,7.0
641,10.68,8,1,0,7.0
642,10.7,8,1,0,7.0
643,10.72,7,1,0,7.0
644,10.73,7,1,0,7.0
645,10.75,7,1,0,7.0
646,10.77,7,1,0,7.0
647,10.78,7,1,0,7.0
648,10.8,7,1,0,7.0
649,10.82,7,1,0,7.0
650,10.83,7,1,0,7.0
651,10.85,7,1,0,7.0
652,10.87,7,1,0,7.0
