epoch,time,train/box_loss,train/cls_loss,train/dfl_loss,metrics/precision(B),metrics/recall(B),metrics/mAP50(B),metrics/mAP50-95(B),val/box_loss,val/cls_loss,val/dfl_loss,lr/pg0,lr/pg1,lr/pg2
1,32.1512,1.38831,1.32626,1.37444,0.6233,0.59384,0.61963,0.42635,1.05094,1.28805,1.2251,0.000551962,0.000551962,0.000551962
2,61.6643,1.34267,1.18709,1.37084,0.65125,0.65269,0.66916,0.45095,1.11712,1.24562,1.28322,0.00107108,0.00107108,0.00107108
3,92.4111,1.34113,1.1782,1.38432,0.70555,0.6569,0.70137,0.4584,1.1996,1.2214,1.37619,0.00155352,0.00155352,0.00155352
4,125.194,1.30183,1.11505,1.35424,0.69876,0.69636,0.69896,0.49349,1.01372,1.05088,1.2087,0.00150197,0.00150197,0.00150197
5,157.839,1.25974,1.07995,1.33171,0.73824,0.67131,0.72086,0.5319,0.9604,0.98764,1.17082,0.00144696,0.00144696,0.00144696
6,189.814,1.23845,1.06184,1.31191,0.71125,0.69152,0.74778,0.54939,0.95003,0.9623,1.17107,0.00139195,0.00139195,0.00139195
7,222.456,1.20085,1.01217,1.29801,0.71481,0.71631,0.73793,0.53885,0.97311,0.91585,1.13527,0.00133693,0.00133693,0.00133693
8,254.876,1.17247,0.9787,1.27703,0.71862,0.70022,0.73272,0.53948,0.92686,0.92704,1.15492,0.00128192,0.00128192,0.00128192
9,287.242,1.16112,0.96278,1.2671,0.74032,0.71918,0.75976,0.58354,0.84326,0.82754,1.11707,0.00122691,0.00122691,0.00122691
10,319.81,1.11665,0.94273,1.24679,0.67679,0.76686,0.73658,0.5667,0.84779,0.84274,1.08968,0.0011719,0.0011719,0.0011719
11,352.3,1.11942,0.92258,1.24982,0.70236,0.74883,0.76765,0.60447,0.79218,0.8056,1.10406,0.00111689,0.00111689,0.00111689
12,384.693,1.08142,0.90171,1.23364,0.70152,0.74912,0.75825,0.58221,0.8402,0.83662,1.0973,0.00106188,0.00106188,0.00106188
13,416.88,1.07007,0.88231,1.22042,0.73327,0.74781,0.75914,0.58628,0.80322,0.78514,1.08938,0.00100687,0.00100687,0.00100687
14,449.139,1.04458,0.86005,1.20635,0.70726,0.76136,0.76521,0.5933,0.79929,0.81268,1.07952,0.000951857,0.000951857,0.000951857
15,481.689,1.04259,0.84749,1.20191,0.71242,0.78481,0.78009,0.621,0.77696,0.76827,1.07023,0.000896846,0.000896846,0.000896846
16,514.384,1.01789,0.82709,1.18705,0.72901,0.76526,0.77203,0.60872,0.76153,0.74413,1.05518,0.000841835,0.000841835,0.000841835
17,546.94,1.00477,0.81186,1.17957,0.70663,0.75725,0.77675,0.62235,0.74792,0.7404,1.03984,0.000786824,0.000786824,0.000786824
18,579.41,0.99381,0.8023,1.17625,0.74033,0.75888,0.77218,0.6211,0.74259,0.74347,1.05238,0.000731813,0.000731813,0.000731813
19,611.628,0.96627,0.77904,1.15897,0.73199,0.76061,0.78143,0.6251,0.74699,0.7499,1.0557,0.000676802,0.000676802,0.000676802
20,644.124,0.95932,0.76632,1.162,0.72811,0.76306,0.7817,0.62675,0.73029,0.74233,1.04273,0.000621791,0.000621791,0.000621791
21,677.317,0.87663,0.65688,1.09411,0.71495,0.75483,0.79076,0.64057,0.70154,0.73506,1.04474,0.00056678,0.00056678,0.00056678
22,709.191,0.8542,0.63184,1.08231,0.7429,0.75302,0.78937,0.64045,0.70754,0.73032,1.04511,0.000511769,0.000511769,0.000511769
23,740.767,0.82732,0.60946,1.06991,0.75974,0.74729,0.79191,0.63875,0.71067,0.7066,1.04887,0.000456758,0.000456758,0.000456758
24,772.556,0.81362,0.59394,1.05985,0.72017,0.75333,0.78615,0.64173,0.70215,0.72099,1.04555,0.000401747,0.000401747,0.000401747
25,804.354,0.79061,0.57159,1.0453,0.76187,0.74815,0.7849,0.64534,0.67508,0.68981,1.02564,0.000346736,0.000346736,0.000346736
26,836.19,0.78005,0.56117,1.04257,0.74361,0.76014,0.78736,0.64651,0.67931,0.69554,1.0325,0.000291725,0.000291725,0.000291725
27,868.044,0.75296,0.53927,1.02293,0.72946,0.77584,0.78251,0.64938,0.65553,0.69206,1.02453,0.000236714,0.000236714,0.000236714
28,900.095,0.73309,0.52318,1.01708,0.74263,0.75923,0.78145,0.64431,0.66806,0.70635,1.02918,0.000181703,0.000181703,0.000181703
29,932.024,0.71913,0.50887,1.00919,0.74692,0.75178,0.78639,0.65271,0.65855,0.69729,1.02773,0.000126692,0.000126692,0.000126692
30,964.242,0.70421,0.49624,1.00412,0.75838,0.7422,0.78463,0.65257,0.64434,0.69858,1.02657,7.1681e-05,7.1681e-05,7.1681e-05
