Epoch,Train Loss,Train Acc,Train Precision,Train Recall,Train F1,Val Loss,Val Acc,Val Precision,Val Recall,Val F1
1,0.23361343527345846,89.79944674965422,0.8646187782287598,0.85378098487854,0.8589903116226196,0.19720656968349096,91.45408163265306,0.874534010887146,0.9080149531364441,0.8891886472702026
2,0.19102205604026262,91.55140617796219,0.8840285539627075,0.886627197265625,0.8853164911270142,0.20353222875950897,91.07142857142857,0.8771146535873413,0.8824152946472168,0.8797155618667603
3,0.17835469753041333,92.087367450438,0.890993595123291,0.8944532871246338,0.892703652381897,0.20008838578241364,91.39030612244898,0.8849097490310669,0.8800866603851318,0.8824589252471924
4,0.16581198670667346,92.75587828492392,0.9000656604766846,0.903477668762207,0.9017530083656311,0.20633823582926308,91.07142857142857,0.8779709339141846,0.8806406259536743,0.8792933225631714
5,0.16256319610560857,92.89419087136929,0.9020757675170898,0.9051187038421631,0.9035824537277222,0.20019332473451384,90.75255102040816,0.8791982531547546,0.8661103248596191,0.872362494468689
6,0.14864733595522991,93.6260949746427,0.9111462235450745,0.916422963142395,0.9137414693832397,0.2097584422872573,91.51785714285714,0.8856525421142578,0.8835917711257935,0.8846149444580078
7,0.1403739847802742,94.06984785615491,0.9166330099105835,0.9232358932495117,0.919867992401123,0.20817999603055723,91.6454081632653,0.8821020722389221,0.8959699869155884,0.888700008392334
8,0.1290679510825375,94.66920239741816,0.9248805046081543,0.9310755133628845,0.9279210567474365,0.19521796780790449,92.53826530612245,0.8974798917770386,0.9009848833084106,0.8992123603820801
9,0.12122960198703259,94.96311664361457,0.9301282167434692,0.9331767559051514,0.9316389560699463,0.228067389138195,91.26275510204081,0.886367678642273,0.8730322122573853,0.879404604434967
10,0.11339824077355087,95.18787459658829,0.9325695037841797,0.9370877742767334,0.9347991347312927,0.21977436083502003,92.15561224489795,0.8965416550636292,0.8886948823928833,0.8925188779830933
