2 0.31171875 0.2 0.0671875 0.2722222222222222
2 0.390625 0.17083333333333334 0.0625 0.3416666666666667
2 0.31171875 0.16111111111111112 0.0640625 0.12222222222222222
2 0.9671875 0.11388888888888889 0.0625 0.21666666666666667
2 0.3875 0.08888888888888889 0.053125 0.17777777777777778
0 0.71640625 0.4152777777777778 0.1265625 0.46944444444444444
0 0.58828125 0.5472222222222223 0.0953125 0.5277777777777778
0 0.47890625 0.5222222222222223 0.0984375 0.4722222222222222
0 0.25390625 0.49444444444444446 0.1046875 0.45
0 0.3765625 0.5027777777777778 0.1 0.5277777777777778
0 0.32109375 0.6444444444444445 0.1140625 0.5777777777777777
2 0.034375 0.42083333333333334 0.06875 0.475
0 0.48203125 0.43333333333333335 0.0609375 0.45