2 0.615625 0.09861111111111111 0.0625 0.19722222222222222
2 0.07265625 0.05555555555555555 0.0734375 0.1111111111111111
2 0.5671875 0.0875 0.05 0.175
1 0.2703125 0.5069444444444444 0.16875 0.41388888888888886
0 0.565625 0.6166666666666667 0.178125 0.39444444444444443
0 0.43046875 0.3486111111111111 0.1546875 0.3527777777777778
0 0.89453125 0.31666666666666665 0.0953125 0.4666666666666667
0 0.31484375 0.32222222222222224 0.1171875 0.25
0 0.65078125 0.5597222222222222 0.1671875 0.41388888888888886
0 0.521875 0.3972222222222222 0.090625 0.35555555555555557
0 0.5984375 0.3875 0.078125 0.25833333333333336