2 0.77109375 0.13472222222222222 0.0609375 0.26944444444444443
2 0.0453125 0.1125 0.071875 0.225
2 0.125 0.09305555555555556 0.040625 0.18611111111111112
0 0.76796875 0.5722222222222222 0.1015625 0.5333333333333333
0 0.10390625 0.5833333333333334 0.1421875 0.48333333333333334
0 0.4203125 0.3902777777777778 0.1125 0.4361111111111111
0 0.20703125 0.44722222222222224 0.0921875 0.4722222222222222
0 0.48046875 0.3111111111111111 0.0796875 0.3888888888888889
0 0.3359375 0.4388888888888889 0.071875 0.4
0 0.36484375 0.32083333333333336 0.0484375 0.38055555555555554
0 0.1359375 0.5152777777777777 0.128125 0.4361111111111111
0 0.93359375 0.8652777777777778 0.1296875 0.2638888888888889