2 0.5015625 0.1736111111111111 0.040625 0.11388888888888889
2 0.80078125 0.24861111111111112 0.0546875 0.20277777777777778
2 0.30390625 0.32222222222222224 0.0765625 0.2222222222222222
2 0.27109375 0.4625 0.1453125 0.5638888888888889
2 0.428125 0.33611111111111114 0.071875 0.2388888888888889
0 0.215625 0.5236111111111111 0.3125 0.6972222222222222
0 0.62890625 0.6097222222222223 0.2046875 0.4083333333333333
0 0.42578125 0.40694444444444444 0.1140625 0.3527777777777778
1 0.5140625 0.7111111111111111 0.30625 0.3111111111111111
0 0.3625 0.6375 0.171875 0.3194444444444444
0 0.5640625 0.3375 0.071875 0.2638888888888889