2 0.81484375 0.04861111111111111 0.0390625 0.09722222222222222
1 0.634375 0.3680555555555556 0.1 0.4305555555555556
0 0.60859375 0.5638888888888889 0.1953125 0.5111111111111111
0 0.9109375 0.13055555555555556 0.090625 0.2611111111111111
0 0.3234375 0.3875 0.13125 0.36944444444444446
0 0.4328125 0.22777777777777777 0.10625 0.25555555555555554
0 0.3953125 0.4930555555555556 0.13125 0.425
0 0.453125 0.5611111111111111 0.175 0.5388888888888889
0 0.11484375 0.09722222222222222 0.0703125 0.19444444444444445
0 0.3421875 0.28888888888888886 0.084375 0.40555555555555556
0 0.50234375 0.5083333333333333 0.1359375 0.43333333333333335