2 0.77265625 0.09166666666666666 0.0734375 0.18333333333333332
2 0.93203125 0.034722222222222224 0.0671875 0.06944444444444445
2 0.971875 0.04861111111111111 0.053125 0.09722222222222222
1 0.225 0.28888888888888886 0.121875 0.48333333333333334
0 0.7140625 0.37916666666666665 0.128125 0.41388888888888886
0 0.5671875 0.5472222222222223 0.15 0.5277777777777778
0 0.4921875 0.4486111111111111 0.121875 0.5138888888888888
0 0.62265625 0.4361111111111111 0.1421875 0.4388888888888889
0 0.4296875 0.5763888888888888 0.165625 0.5305555555555556
0 0.5796875 0.23194444444444445 0.08125 0.28055555555555556
0 0.6484375 0.30416666666666664 0.103125 0.39166666666666666