2 0.79296875 0.9555555555555556 0.0671875 0.08333333333333333
2 0.103125 0.06666666666666667 0.09375 0.13333333333333333
2 0.03203125 0.06527777777777778 0.0640625 0.13055555555555556
0 0.42734375 0.5388888888888889 0.2484375 0.5166666666666667
1 0.7984375 0.2569444444444444 0.103125 0.4027777777777778
0 0.628125 0.5180555555555556 0.18125 0.5083333333333333
0 0.35859375 0.4097222222222222 0.1453125 0.4638888888888889
0 0.53125 0.44583333333333336 0.1125 0.4527777777777778
0 0.18515625 0.3416666666666667 0.1296875 0.39444444444444443
0 0.24296875 0.2847222222222222 0.1296875 0.41944444444444445
0 0.778125 0.10555555555555556 0.109375 0.2111111111111111