2 0.11796875 0.041666666666666664 0.0921875 0.08333333333333333
0 0.80546875 0.5833333333333334 0.2140625 0.4222222222222222
0 0.21796875 0.36666666666666664 0.1265625 0.4222222222222222
1 0.41640625 0.6125 0.1578125 0.41944444444444445
0 0.33671875 0.3138888888888889 0.1421875 0.3611111111111111
0 0.3265625 0.4444444444444444 0.115625 0.35
0 0.46015625 0.4125 0.0984375 0.2638888888888889
2 0.95859375 0.30833333333333335 0.0796875 0.4666666666666667
0 0.73515625 0.4597222222222222 0.1296875 0.4638888888888889
2 0.140625 0.8958333333333334 0.15 0.20277777777777778
2 0.540625 0.9055555555555556 0.14375 0.18333333333333332