2 0.74609375 0.1388888888888889 0.0734375 0.2777777777777778
2 0.046875 0.11666666666666667 0.071875 0.23333333333333334
0 0.27109375 0.4652777777777778 0.1109375 0.46944444444444444
1 0.73671875 0.5541666666666667 0.1046875 0.5194444444444445
0 0.10703125 0.5847222222222223 0.1421875 0.4861111111111111
0 0.384375 0.3236111111111111 0.059375 0.3638888888888889
0 0.490625 0.3194444444444444 0.071875 0.38333333333333336
0 0.359375 0.4583333333333333 0.084375 0.40555555555555556
0 0.13828125 0.5208333333333334 0.1296875 0.44166666666666665
0 0.93359375 0.8680555555555556 0.1296875 0.25833333333333336
0 0.43984375 0.3902777777777778 0.1140625 0.4305555555555556
0 0.6828125 0.8958333333333334 0.1125 0.20277777777777778