2 0.90625 0.13055555555555556 0.071875 0.2611111111111111
2 0.31171875 0.08333333333333333 0.0953125 0.16666666666666666
2 0.846875 0.10833333333333334 0.053125 0.21666666666666667
1 0.21796875 0.39305555555555555 0.0984375 0.4583333333333333
0 0.4640625 0.6194444444444445 0.24375 0.4888888888888889
0 0.6484375 0.5611111111111111 0.15 0.5388888888888889
0 0.79296875 0.3263888888888889 0.0890625 0.44166666666666665
0 0.58125 0.4638888888888889 0.090625 0.5166666666666667
0 0.721875 0.44722222222222224 0.128125 0.5
0 0.684375 0.28888888888888886 0.08125 0.37222222222222223
0 0.03125 0.19305555555555556 0.0625 0.2972222222222222
0 0.75703125 0.3902777777777778 0.0734375 0.4583333333333333