2 0.12421875 0.05 0.0953125 0.1
2 0.6828125 0.09583333333333334 0.06875 0.19166666666666668
2 0.184375 0.9125 0.08125 0.16944444444444445
2 0.2609375 0.9125 0.2375 0.16944444444444445
2 0.871875 0.06111111111111111 0.11875 0.12222222222222222
2 0.984375 0.5 0.028125 0.09444444444444444
1 0.296875 0.3541666666666667 0.134375 0.3138888888888889
0 0.565625 0.5333333333333333 0.209375 0.4777777777777778
0 0.3625 0.5597222222222222 0.171875 0.4361111111111111
0 0.465625 0.45555555555555555 0.1125 0.4166666666666667
0 0.4734375 0.22361111111111112 0.096875 0.24166666666666667
0 0.5390625 0.18055555555555555 0.0625 0.2222222222222222
0 0.603125 0.36527777777777776 0.128125 0.375