2 0.6609375 0.14166666666666666 0.05 0.19444444444444445
2 0.615625 0.11666666666666667 0.046875 0.20555555555555555
2 0.20234375 0.05555555555555555 0.0703125 0.1111111111111111
0 0.48359375 0.4708333333333333 0.1328125 0.30277777777777776
0 0.28515625 0.4041666666666667 0.1109375 0.3527777777777778
0 0.396875 0.3638888888888889 0.134375 0.34444444444444444
1 0.1890625 0.6416666666666667 0.1 0.46111111111111114
0 0.78515625 0.5666666666666667 0.1171875 0.4111111111111111
0 0.378125 0.4652777777777778 0.1 0.33055555555555555
2 0.8984375 0.33611111111111114 0.084375 0.4111111111111111
0 0.7 0.4736111111111111 0.096875 0.3472222222222222
0 0.74296875 0.5138888888888888 0.0703125 0.36666666666666664
0 0.146875 0.8819444444444444 0.153125 0.23055555555555557