2 0.79453125 0.10555555555555556 0.0734375 0.2111111111111111
2 0.18125 0.05694444444444444 0.071875 0.11388888888888889
2 0.96484375 0.05277777777777778 0.0671875 0.10555555555555556
2 0.965625 0.24027777777777778 0.065625 0.48055555555555557
0 0.35078125 0.5861111111111111 0.1734375 0.5333333333333333
0 0.52109375 0.5791666666666667 0.2203125 0.5083333333333333
0 0.62265625 0.4791666666666667 0.1328125 0.4361111111111111
1 0.41328125 0.36666666666666664 0.1046875 0.43333333333333335
0 0.03125 0.1486111111111111 0.0625 0.2972222222222222
0 0.47578125 0.5125 0.1296875 0.46944444444444444
0 0.72265625 0.3611111111111111 0.1296875 0.37777777777777777
0 0.63515625 0.2625 0.1046875 0.3416666666666667