2 0.63671875 0.18611111111111112 0.1046875 0.3055555555555556
0 0.9546875 0.3902777777777778 0.06875 0.39166666666666666
1 0.48515625 0.3875 0.0671875 0.3861111111111111
0 0.17265625 0.30972222222222223 0.0765625 0.2861111111111111
0 0.228125 0.6138888888888889 0.121875 0.48333333333333334
0 0.8734375 0.8819444444444444 0.25 0.23055555555555557
0 0.63828125 0.8833333333333333 0.1296875 0.22777777777777777
0 0.88125 0.09722222222222222 0.05625 0.19444444444444445
0 0.18671875 0.5944444444444444 0.0953125 0.4666666666666667
0 0.28515625 0.5069444444444444 0.0671875 0.4583333333333333
0 0.240625 0.30694444444444446 0.059375 0.15833333333333333
0 0.98671875 0.37222222222222223 0.0234375 0.3