2 0.23359375 0.09583333333333334 0.0578125 0.19166666666666668
2 0.2328125 0.04583333333333333 0.05625 0.09166666666666666
2 0.30234375 0.07777777777777778 0.0453125 0.15555555555555556
2 0.021875 0.09722222222222222 0.04375 0.19444444444444445
2 0.053125 0.07916666666666666 0.1 0.15833333333333333
1 0.534375 0.5543055555555556 0.178125 0.4861111111111111
0 0.24453125 0.6069444444444444 0.2296875 0.4527777777777778
0 0.42109375 0.41388888888888886 0.1328125 0.4111111111111111
0 0.70234375 0.42777777777777776 0.1046875 0.38333333333333336
0 0.625 0.3958333333333333 0.08125 0.3472222222222222
0 0.31328125 0.5458333333333333 0.1609375 0.33055555555555555
0 0.54765625 0.40694444444444444 0.1578125 0.33055555555555555