2 0.6484375 0.1 0.05625 0.2
2 0.12109375 0.059722222222222225 0.0765625 0.11944444444444445
2 0.5984375 0.09027777777777778 0.053125 0.18055555555555555
0 0.4484375 0.4652777777777778 0.15 0.3527777777777778
0 0.3171875 0.4625 0.09375 0.38055555555555554
0 0.34765625 0.3388888888888889 0.1546875 0.4
0 0.7859375 0.5763888888888888 0.11875 0.48055555555555557
0 0.21640625 0.36527777777777776 0.1328125 0.3638888888888889
1 0.16484375 0.6597222222222222 0.1234375 0.5416666666666666
0 0.92109375 0.3194444444444444 0.0984375 0.45555555555555555
0 0.70546875 0.4888888888888889 0.1203125 0.4666666666666667
0 0.06015625 0.9069444444444444 0.1203125 0.18055555555555555