2 0.82421875 0.8944444444444445 0.1515625 0.20555555555555555
2 0.87421875 0.06666666666666667 0.0671875 0.13333333333333333
1 0.2875 0.5263888888888889 0.215625 0.6027777777777777
0 0.5828125 0.3013888888888889 0.109375 0.4361111111111111
0 0.484375 0.28194444444444444 0.11875 0.44722222222222224
0 0.73515625 0.3861111111111111 0.1046875 0.4777777777777778
0 0.946875 0.49583333333333335 0.103125 0.5361111111111111
0 0.81015625 0.4041666666666667 0.0796875 0.5416666666666666
0 0.11484375 0.10555555555555556 0.0921875 0.2111111111111111
0 0.17109375 0.8916666666666667 0.1265625 0.2111111111111111
0 0.7890625 0.2777777777777778 0.05625 0.4722222222222222