2 0.75234375 0.0625 0.0671875 0.125
2 0.1359375 0.07083333333333333 0.1 0.14166666666666666
2 0.74609375 0.11944444444444445 0.0796875 0.2388888888888889
2 0.70546875 0.14722222222222223 0.0703125 0.29444444444444445
2 0.9203125 0.06111111111111111 0.065625 0.12222222222222222
1 0.2234375 0.3763888888888889 0.175 0.4583333333333333
0 0.465625 0.6027777777777777 0.165625 0.5277777777777778
0 0.7015625 0.45694444444444443 0.13125 0.48055555555555557
0 0.6046875 0.5597222222222222 0.134375 0.5416666666666666
0 0.575 0.4930555555555556 0.115625 0.49722222222222223
0 0.7640625 0.3541666666666667 0.109375 0.4305555555555556