2 0.79140625 0.10277777777777777 0.0703125 0.20555555555555555
2 0.16796875 0.05555555555555555 0.0828125 0.1111111111111111
2 0.9625 0.05138888888888889 0.071875 0.10277777777777777
0 0.3671875 0.6347222222222222 0.19375 0.4638888888888889
0 0.65234375 0.4736111111111111 0.1390625 0.4583333333333333
0 0.5875 0.24166666666666667 0.15 0.34444444444444444
0 0.5484375 0.6027777777777777 0.165625 0.46111111111111114
1 0.45625 0.39166666666666666 0.125 0.34444444444444444
0 0.028125 0.1486111111111111 0.05625 0.2972222222222222
0 0.7109375 0.33055555555555555 0.103125 0.4
0 0.98359375 0.3333333333333333 0.0296875 0.28888888888888886
0 0.515625 0.5125 0.19375 0.425