2 0.02265625 0.9138888888888889 0.0453125 0.16666666666666666
1 0.39453125 0.5958333333333333 0.1984375 0.3972222222222222
0 0.76328125 0.6055555555555555 0.1953125 0.43333333333333335
0 0.11796875 0.3763888888888889 0.1453125 0.44166666666666665
0 0.259375 0.33611111111111114 0.1625 0.40555555555555556
0 0.90625 0.2986111111111111 0.115625 0.4861111111111111
0 0.6875 0.4736111111111111 0.159375 0.44166666666666665
0 0.2359375 0.44722222222222224 0.1375 0.37777777777777777
0 0.62109375 0.43194444444444446 0.0796875 0.41944444444444445
0 0.3890625 0.46805555555555556 0.1625 0.41944444444444445
0 0.3765625 0.38055555555555554 0.128125 0.24444444444444444