2 0.09375 0.12638888888888888 0.05625 0.20833333333333334
2 0.92265625 0.8583333333333333 0.1515625 0.2777777777777778
2 0.15 0.10416666666666667 0.04375 0.18611111111111112
1 0.6515625 0.4027777777777778 0.078125 0.39444444444444443
0 0.2859375 0.4125 0.078125 0.4305555555555556
0 0.40390625 0.5597222222222222 0.1140625 0.49166666666666664
0 0.44765625 0.3111111111111111 0.0734375 0.3333333333333333
0 0.8203125 0.13472222222222222 0.084375 0.26944444444444443
0 0.3375 0.5166666666666667 0.06875 0.43333333333333335
2 0.478125 0.8875 0.146875 0.21944444444444444
0 0.38203125 0.2847222222222222 0.0359375 0.20833333333333334
0 0.34296875 0.3125 0.0765625 0.18611111111111112