2 0.54765625 0.07916666666666666 0.0703125 0.15833333333333333
0 0.7390625 0.6027777777777777 0.209375 0.38333333333333336
0 0.10859375 0.3236111111111111 0.1484375 0.4527777777777778
1 0.42578125 0.5638888888888889 0.1828125 0.45
0 0.2171875 0.42916666666666664 0.1125 0.3972222222222222
0 0.24375 0.33194444444444443 0.15 0.44722222222222224
0 0.659375 0.4722222222222222 0.165625 0.45555555555555555
0 0.8875 0.3 0.115625 0.4888888888888889
0 0.028125 0.9125 0.05625 0.16944444444444445
0 0.3484375 0.43333333333333335 0.11875 0.38333333333333336
0 0.6015625 0.4305555555555556 0.08125 0.42777777777777776