2 0.7390625 0.14305555555555555 0.05625 0.2861111111111111
2 0.07421875 0.14444444444444443 0.0640625 0.2111111111111111
2 0.68828125 0.07916666666666666 0.0484375 0.15833333333333333
2 0.13984375 0.12361111111111112 0.0390625 0.18611111111111112
1 0.765625 0.5058611111111111 0.115625 0.46111111111111114
0 0.25703125 0.4597222222222222 0.0984375 0.4361111111111111
0 0.1484375 0.5916666666666667 0.075 0.4666666666666667
0 0.43828125 0.3625 0.0546875 0.375
0 0.203125 0.5430555555555555 0.0875 0.4361111111111111
0 0.33203125 0.4388888888888889 0.0859375 0.37777777777777777
0 0.89375 0.8736111111111111 0.159375 0.24722222222222223
0 0.3765625 0.37777777777777777 0.075 0.4
0 0.4484375 0.9027777777777778 0.134375 0.18888888888888888
0 0.346875 0.3458333333333333 0.040625 0.36944444444444446