2 0.5734375 0.06666666666666667 0.0625 0.13333333333333333
2 0.0078125 0.8569444444444444 0.015625 0.14166666666666666
1 0.29609375 0.4152777777777778 0.2109375 0.30833333333333335
0 0.1640625 0.24166666666666667 0.140625 0.39444444444444443
0 0.459375 0.2972222222222222 0.090625 0.4
0 0.584375 0.5347222222222222 0.275 0.4861111111111111
0 0.7171875 0.4583333333333333 0.165625 0.4222222222222222
0 0.36796875 0.2791666666666667 0.1515625 0.33611111111111114
0 0.72421875 0.8597222222222223 0.1640625 0.275
0 0.28125 0.17916666666666667 0.11875 0.21388888888888888
0 0.28203125 0.28888888888888886 0.1203125 0.43333333333333335
0 0.6734375 0.39305555555555555 0.18125 0.4305555555555556
0 0.615625 0.3902777777777778 0.096875 0.425