1 0.4796875 0.7263888888888889 0.071875 0.275
0 0.37265625 0.6680555555555555 0.0671875 0.18611111111111112
0 0.2390625 0.7430555555555556 0.071875 0.24722222222222223
0 0.8640625 0.6527777777777778 0.053125 0.2388888888888889
0 0.3265625 0.75 0.128125 0.22777777777777777
2 0.10390625 0.6138888888888889 0.0546875 0.2111111111111111
2 0.64453125 0.49583333333333335 0.0421875 0.1527777777777778
2 0.61953125 0.9069444444444444 0.0828125 0.18055555555555555
0 0.47862499999999997 0.5635833333333333 0.04440625 0.14180555555555555
0 0.793578125 0.587 0.027953125000000002 0.20613888888888887
0 0.921046875 0.6586388888888889 0.0263125 0.1973611111111111
0 0.9597031250000001 0.6820277777777778 0.041125 0.22369444444444445