2 0.21796875 0.05 0.0734375 0.1
2 0.834375 0.09305555555555556 0.071875 0.18611111111111112
2 0.01484375 0.14166666666666666 0.0296875 0.2833333333333333
2 0.01484375 0.22916666666666666 0.0296875 0.10833333333333334
2 0.1078125 0.9638888888888889 0.075 0.06666666666666667
0 0.7421875 0.33055555555555555 0.1375 0.38333333333333336
1 0.4078125 0.2763888888888889 0.1 0.41388888888888886
0 0.41640625 0.5694444444444444 0.1828125 0.5222222222222223
0 0.5921875 0.5597222222222222 0.190625 0.5416666666666666
0 0.53828125 0.5041666666666667 0.1328125 0.46944444444444444
0 0.67890625 0.4583333333333333 0.1453125 0.46111111111111114
0 0.66171875 0.19583333333333333 0.0734375 0.225