2 0.88671875 0.22361111111111112 0.0953125 0.44722222222222224
2 0.6625 0.06944444444444445 0.071875 0.1388888888888889
2 0.96171875 0.14583333333333334 0.0671875 0.2916666666666667
0 0.71875 0.43472222222222223 0.209375 0.4638888888888889
0 0.25703125 0.5583333333333333 0.1515625 0.4777777777777778
0 0.41328125 0.6013888888888889 0.2421875 0.425
0 0.3546875 0.2152777777777778 0.190625 0.3638888888888889
0 0.48046875 0.35 0.1171875 0.37222222222222223
0 0.509375 0.2375 0.159375 0.425
0 0.62421875 0.3902777777777778 0.1140625 0.44722222222222224
1 0.32421875 0.48055555555555557 0.1015625 0.3388888888888889