2 0.815625 0.125 0.08125 0.25
2 0.09453125 0.10833333333333334 0.0578125 0.2111111111111111
2 0.15 0.08611111111111111 0.046875 0.17222222222222222
1 0.72734375 0.4583333333333333 0.0859375 0.46111111111111114
0 0.2578125 0.49166666666666664 0.071875 0.43333333333333335
0 0.33671875 0.5333333333333333 0.1359375 0.4777777777777778
0 0.484375 0.29305555555555557 0.096875 0.36944444444444446
2 0.47734375 0.8791666666666667 0.1578125 0.2361111111111111
2 0.9234375 0.8486111111111111 0.15 0.2972222222222222
0 0.2859375 0.39861111111111114 0.053125 0.425
0 0.40625 0.3972222222222222 0.090625 0.37777777777777777