2 0.765625 0.09722222222222222 0.06875 0.19444444444444445
2 0.17734375 0.05 0.0828125 0.1
1 0.259375 0.34444444444444444 0.11875 0.4777777777777778
0 0.70859375 0.3638888888888889 0.1234375 0.38333333333333336
0 0.6546875 0.55 0.146875 0.4888888888888889
0 0.5265625 0.5430555555555555 0.128125 0.5472222222222223
0 0.5203125 0.25833333333333336 0.121875 0.2611111111111111
0 0.134375 0.9166666666666666 0.06875 0.16111111111111112
0 0.59453125 0.44583333333333336 0.0890625 0.46944444444444444
0 0.5859375 0.20555555555555555 0.065625 0.15555555555555556
0 0.659375 0.4263888888888889 0.1 0.41388888888888886