2 0.19453125 0.1375 0.0390625 0.21388888888888888
2 0.47421875 0.04861111111111111 0.0796875 0.09722222222222222
0 0.1921875 0.3333333333333333 0.103125 0.42777777777777776
0 0.76640625 0.5375 0.0796875 0.5527777777777778
0 0.91640625 0.3680555555555556 0.0859375 0.49722222222222223
0 0.69921875 0.48055555555555557 0.1109375 0.5
0 0.825 0.2833333333333333 0.06875 0.4111111111111111
0 0.21640625 0.1388888888888889 0.0765625 0.2777777777777778
0 0.88203125 0.5305555555555556 0.0734375 0.5166666666666667
0 0.57109375 0.8833333333333333 0.1609375 0.22777777777777777
0 0.784375 0.26944444444444443 0.059375 0.43333333333333335
0 0.69140625 0.3597222222222222 0.0859375 0.3638888888888889