2 0.73828125 0.10833333333333334 0.0671875 0.21666666666666667
2 0.15234375 0.0625 0.0796875 0.125
2 0.940625 0.08333333333333333 0.115625 0.16666666666666666
2 0.65546875 0.09305555555555556 0.0578125 0.18611111111111112
0 0.40859375 0.3 0.1171875 0.4166666666666667
1 0.2671875 0.44583333333333336 0.10625 0.5083333333333333
0 0.5734375 0.6069444444444444 0.165625 0.5194444444444445
0 0.50234375 0.25833333333333336 0.1046875 0.34444444444444444
0 0.69140625 0.5736111111111111 0.1359375 0.5138888888888888
0 0.56953125 0.35555555555555557 0.1109375 0.34444444444444444
0 0.64375 0.2652777777777778 0.08125 0.16944444444444445
0 0.65390625 0.5069444444444444 0.1078125 0.44166666666666665