0 0.4390625 0.35 0.075 0.4166666666666667
0 0.52578125 0.38472222222222224 0.0796875 0.4083333333333333
0 0.33203125 0.32083333333333336 0.0921875 0.3861111111111111
1 0.2359375 0.6097222222222223 0.153125 0.4638888888888889
0 0.76328125 0.5597222222222222 0.0796875 0.4861111111111111
0 0.7078125 0.5055555555555555 0.09375 0.4888888888888889
0 0.6125 0.4152777777777778 0.078125 0.41388888888888886
2 0.05234375 0.1486111111111111 0.0796875 0.2972222222222222
2 0.7109375 0.11944444444444445 0.05625 0.2111111111111111
0 0.66159375 0.44663888888888886 0.037 0.45175
2 0.6924375 0.8698888888888889 0.121703125 0.2046666666666667
2 0.23725000000000002 0.8976666666666667 0.157078125 0.2046666666666667
2 0.9736874999999999 0.2806944444444444 0.052625 0.37133333333333335