2 0.809375 0.11666666666666667 0.065625 0.2
2 0.79609375 0.8888888888888888 0.1421875 0.21666666666666667
2 0.32890625 0.07083333333333333 0.0859375 0.14166666666666666
2 0.7640625 0.1111111111111111 0.05 0.2111111111111111
0 0.43671875 0.33055555555555555 0.1203125 0.38333333333333336
1 0.2734375 0.5583333333333333 0.125 0.45
0 0.63984375 0.4444444444444444 0.0953125 0.4
0 0.73125 0.42916666666666664 0.084375 0.44722222222222224
0 0.06875 0.14583333333333334 0.075 0.2916666666666667
0 0.57578125 0.37083333333333335 0.0765625 0.3972222222222222
0 0.765625 0.5652777777777778 0.125 0.46944444444444444
0 0.5359375 0.3125 0.103125 0.3972222222222222
0 0.31953125 0.8736111111111111 0.1640625 0.24722222222222223
0 0.7875 0.4875 0.071875 0.4638888888888889