2 0.7453125 0.14583333333333334 0.065625 0.2916666666666667
2 0.059375 0.14166666666666666 0.06875 0.2222222222222222
2 0.12109375 0.10972222222222222 0.0515625 0.21944444444444444
2 0.69453125 0.07916666666666666 0.0484375 0.15833333333333333
1 0.77890625 0.5223611111111112 0.0734375 0.4666666666666667
0 0.4359375 0.34444444444444444 0.08125 0.38333333333333336
0 0.2671875 0.4666666666666667 0.103125 0.45555555555555555
0 0.19453125 0.5541666666666667 0.0921875 0.44722222222222224
0 0.13359375 0.6041666666666666 0.0859375 0.48055555555555557
0 0.925 0.8694444444444445 0.146875 0.25555555555555554
0 0.33125 0.4486111111111111 0.078125 0.39166666666666666
0 0.36328125 0.3861111111111111 0.0796875 0.4