2 0.79765625 0.10694444444444444 0.0703125 0.20833333333333334
2 0.321875 0.06944444444444445 0.075 0.1388888888888889
2 0.75625 0.10555555555555556 0.04375 0.18888888888888888
0 0.415625 0.35138888888888886 0.128125 0.4027777777777778
1 0.2796875 0.6138888888888889 0.096875 0.4666666666666667
0 0.759375 0.4305555555555556 0.13125 0.45555555555555555
0 0.53984375 0.3263888888888889 0.1578125 0.375
0 0.62109375 0.4527777777777778 0.1140625 0.3888888888888889
0 0.8703125 0.5513888888888889 0.109375 0.4638888888888889
0 0.53046875 0.41805555555555557 0.0953125 0.4027777777777778
0 0.0359375 0.14583333333333334 0.071875 0.2916666666666667
0 0.846875 0.4638888888888889 0.0625 0.45555555555555555