2 0.49140625 0.2986111111111111 0.0609375 0.2916666666666667
0 0.84453125 0.49722222222222223 0.0609375 0.35555555555555557
0 0.2046875 0.6819444444444445 0.078125 0.2638888888888889
0 0.41484375 0.5680555555555555 0.0796875 0.2638888888888889
0 0.31640625 0.7125 0.1421875 0.4861111111111111
0 0.36171875 0.5680555555555555 0.0671875 0.41944444444444445
0 0.5828125 0.8194444444444444 0.10625 0.35555555555555557
0 0.2625 0.6833333333333333 0.071875 0.4388888888888889
0 0.759375 0.6361111111111111 0.11875 0.4
0 0.6484375 0.9027777777777778 0.140625 0.18888888888888888
0 0.61875 0.5194444444444445 0.084375 0.3888888888888889