2 0.69375 0.09027777777777778 0.065625 0.18055555555555555
2 0.890625 0.06111111111111111 0.13125 0.12222222222222222
2 0.10234375 0.04722222222222222 0.0671875 0.09444444444444444
2 0.015625 0.9555555555555556 0.03125 0.08333333333333333
2 0.91953125 0.058333333333333334 0.0671875 0.11666666666666667
2 0.859375 0.04722222222222222 0.071875 0.09444444444444444
0 0.4484375 0.27361111111111114 0.125 0.4027777777777778
1 0.23203125 0.40555555555555556 0.0765625 0.5388888888888889
0 0.675 0.525 0.16875 0.55
0 0.5578125 0.5833333333333334 0.11875 0.5388888888888889
0 0.54609375 0.2791666666666667 0.0640625 0.21944444444444444
0 0.54296875 0.23055555555555557 0.0984375 0.3111111111111111
0 0.615625 0.475 0.115625 0.5055555555555555