2 0.2078125 0.5625 0.028125 0.09722222222222222
1 0.5109375 0.7680555555555556 0.0625 0.2361111111111111
0 0.19453125 0.7861111111111111 0.0609375 0.22777777777777777
0 0.684375 0.6291666666666667 0.04375 0.15833333333333333
0 0.340625 0.6694444444444444 0.04375 0.18333333333333332
0 0.79765625 0.7763888888888889 0.0484375 0.23055555555555557
0 0.72265625 0.6583333333333333 0.0359375 0.18333333333333332
2 0.53359375 0.5541666666666667 0.0359375 0.13055555555555556
2 0.046875 0.6708333333333333 0.05 0.18611111111111112
2 0.49140625 0.9 0.0421875 0.19444444444444445
0 0.29765625 0.7055555555555556 0.0390625 0.17222222222222222
0 0.2328125 0.6888888888888889 0.0375 0.19444444444444445
2 0.56015625 0.9138888888888889 0.0734375 0.16666666666666666
2 0.844453125 0.5693055555555555 0.0296875 0.09444444444444444
0 0.7515625 0.6722222222222223 0.028125 0.16666666666666666
0 0.77109375 0.6861111111111111 0.0328125 0.18888888888888888
0 0.21328125 0.7444444444444445 0.0578125 0.20555555555555555
0 0.34334375 0.606 0.043578125 0.10672222222222223
0 0.30057812500000003 0.6293888888888889 0.027140625 0.10672222222222223