2 0.78828125 0.1 0.0703125 0.2
2 0.21640625 0.05694444444444444 0.0953125 0.11388888888888889
2 0.953125 0.05416666666666667 0.090625 0.10833333333333334
0 0.43046875 0.5777777777777777 0.1796875 0.5
1 0.4328125 0.32222222222222224 0.10625 0.40555555555555556
0 0.05546875 0.14583333333333334 0.1015625 0.2916666666666667
0 0.66484375 0.44027777777777777 0.1078125 0.425
0 0.590625 0.5666666666666667 0.178125 0.5166666666666667
0 0.70703125 0.3347222222222222 0.1203125 0.3416666666666667
0 0.62109375 0.20972222222222223 0.0796875 0.2861111111111111
0 0.12421875 0.9347222222222222 0.0703125 0.125