2 0.73515625 0.1486111111111111 0.0578125 0.2916666666666667
2 0.06875 0.14722222222222223 0.065625 0.2222222222222222
2 0.690625 0.08055555555555556 0.046875 0.16111111111111112
2 0.1296875 0.1125 0.05 0.225
1 0.7484375 0.48055555555555557 0.084375 0.45
0 0.44140625 0.3638888888888889 0.0671875 0.37777777777777777
0 0.26171875 0.46805555555555556 0.1015625 0.44166666666666665
0 0.1375 0.6027777777777777 0.090625 0.4722222222222222
0 0.20078125 0.5513888888888889 0.0890625 0.44166666666666665
0 0.36328125 0.3875 0.0609375 0.3861111111111111
0 0.89609375 0.8694444444444445 0.1734375 0.25555555555555554
0 0.33203125 0.4527777777777778 0.0828125 0.37777777777777777