2 0.04921875 0.9472222222222222 0.0734375 0.1
2 0.73203125 0.09027777777777778 0.0640625 0.18055555555555555
2 0.15390625 0.05 0.0609375 0.1
2 0.92578125 0.0625 0.1234375 0.125
2 0.678125 0.08472222222222223 0.0625 0.16944444444444445
1 0.3546875 0.3611111111111111 0.09375 0.40555555555555556
0 0.465625 0.5666666666666667 0.1625 0.48333333333333334
0 0.6421875 0.35694444444444445 0.1625 0.4583333333333333
0 0.5953125 0.5375 0.16875 0.49166666666666664
0 0.54453125 0.25 0.0921875 0.3055555555555556
0 0.975 0.2152777777777778 0.046875 0.425