2 0.671875 0.8833333333333333 0.15 0.22777777777777777
2 0.02265625 0.31666666666666665 0.0453125 0.32222222222222224
2 0.259375 0.06388888888888888 0.059375 0.12777777777777777
1 0.727390625 0.4305555555555556 0.125 0.5055555555555555
0 0.4671875 0.35 0.125 0.39444444444444443
0 0.5765625 0.2777777777777778 0.121875 0.4388888888888889
0 0.34140625 0.5347222222222222 0.1671875 0.4305555555555556
0 0.29609375 0.4722222222222222 0.1234375 0.42777777777777776
0 0.63359375 0.22361111111111112 0.0671875 0.33611111111111114
0 0.48515625 0.13472222222222222 0.1046875 0.225
0 0.2953125 0.3486111111111111 0.0625 0.46944444444444444