0 0.5234375 0.5444444444444444 0.196875 0.5055555555555555
0 0.33203125 0.5458333333333333 0.2015625 0.44722222222222224
0 0.6625 0.32916666666666666 0.125 0.35833333333333334
2 0.8234375 0.9138888888888889 0.121875 0.16666666666666666
2 0.95859375 0.24305555555555555 0.0796875 0.44722222222222224
2 0.7375 0.09722222222222222 0.06875 0.19444444444444445
2 0.03984375 0.1388888888888889 0.0796875 0.2777777777777778
2 0.0671875 0.9305555555555556 0.071875 0.13333333333333333
0 0.563734375 0.40205555555555555 0.092921875 0.3070277777777778
0 0.602796875 0.2266111111111111 0.046046875 0.2748611111111111
1 0.40912499999999996 0.25366666666666665 0.09621874999999999 0.1915277777777778