2 0.7625 0.13472222222222222 0.0625 0.24166666666666667
2 0.18046875 0.9375 0.0640625 0.11944444444444445
2 0.2234375 0.05277777777777778 0.08125 0.10555555555555556
2 0.7046875 0.11527777777777778 0.059375 0.23055555555555557
1 0.23984375 0.3402777777777778 0.1078125 0.425
0 0.51328125 0.5722222222222222 0.1984375 0.4388888888888889
0 0.35546875 0.5541666666666667 0.1515625 0.4527777777777778
0 0.609375 0.45694444444444443 0.128125 0.39166666666666666
0 0.66953125 0.33611111111111114 0.1234375 0.3888888888888889
0 0.02890625 0.16666666666666666 0.0578125 0.31666666666666665
0 0.5046875 0.5055555555555555 0.109375 0.4166666666666667