2 0.778125 0.1 0.06875 0.2
2 0.18359375 0.05555555555555555 0.0859375 0.1111111111111111
2 0.95546875 0.05694444444444444 0.0859375 0.11388888888888889
2 0.67109375 0.03888888888888889 0.0734375 0.07777777777777778
0 0.471875 0.6138888888888889 0.2125 0.45555555555555555
0 0.55625 0.5736111111111111 0.1625 0.475
1 0.409375 0.4263888888888889 0.096875 0.39166666666666666
2 0.04140625 0.14722222222222223 0.0828125 0.29444444444444445
0 0.56953125 0.29305555555555557 0.1203125 0.36944444444444446
0 0.66953125 0.4930555555555556 0.1140625 0.4583333333333333
0 0.68984375 0.28888888888888886 0.1515625 0.37222222222222223