2 0.803125 0.10555555555555556 0.071875 0.2111111111111111
2 0.1859375 0.05694444444444444 0.0875 0.11388888888888889
2 0.96875 0.05 0.059375 0.1
0 0.3546875 0.5944444444444444 0.184375 0.5055555555555555
0 0.528125 0.5888888888888889 0.215625 0.4888888888888889
0 0.63671875 0.4708333333333333 0.1328125 0.4638888888888889
0 0.72890625 0.3625 0.1296875 0.3861111111111111
1 0.43984375 0.3680555555555556 0.1078125 0.3416666666666667
0 0.03515625 0.15 0.0703125 0.3
0 0.6375 0.21666666666666667 0.06875 0.2388888888888889
0 0.65546875 0.3402777777777778 0.0953125 0.3861111111111111