2 0.40078125 0.08611111111111111 0.0515625 0.17222222222222222
2 0.97421875 0.11388888888888889 0.0484375 0.2111111111111111
2 0.29140625 0.07916666666666666 0.0515625 0.15833333333333333
0 0.53203125 0.4013888888888889 0.1109375 0.4527777777777778
0 0.44609375 0.43194444444444446 0.0921875 0.41388888888888886
0 0.62109375 0.5736111111111111 0.0765625 0.5638888888888889
0 0.28828125 0.45416666666666666 0.1015625 0.4638888888888889
0 0.2125 0.3486111111111111 0.08125 0.375
0 0.3984375 0.3055555555555556 0.075 0.4166666666666667
2 0.05390625 0.4111111111111111 0.0734375 0.4888888888888889
0 0.29375 0.23472222222222222 0.09375 0.20833333333333334