2 0.7453125 0.18333333333333332 0.10625 0.3611111111111111
2 0.47109375 0.06805555555555555 0.0578125 0.1361111111111111
2 0.8140625 0.08194444444444444 0.071875 0.1638888888888889
1 0.259375 0.5333333333333333 0.190625 0.5055555555555555
0 0.559375 0.36527777777777776 0.1375 0.4583333333333333
0 0.25703125 0.25972222222222224 0.1296875 0.4083333333333333
0 0.4375 0.39305555555555555 0.15 0.375
0 0.7640625 0.5291666666666667 0.2 0.4361111111111111
0 0.68359375 0.48194444444444445 0.1328125 0.4583333333333333
0 0.3609375 0.26666666666666666 0.1125 0.3888888888888889
0 0.5203125 0.8736111111111111 0.178125 0.24722222222222223
0 0.70859375 0.37083333333333335 0.1203125 0.48055555555555557