2 0.8046875 0.11944444444444445 0.078125 0.2388888888888889
2 0.16640625 0.04027777777777778 0.0515625 0.08055555555555556
2 0.1640625 0.09166666666666666 0.059375 0.18333333333333332
2 0.11015625 0.09305555555555556 0.0703125 0.18611111111111112
0 0.45 0.30277777777777776 0.11875 0.37777777777777777
1 0.62265625 0.42777777777777776 0.0734375 0.4444444444444444
0 0.35234375 0.6 0.1796875 0.5111111111111111
0 0.2265625 0.5222222222222223 0.09375 0.5
0 0.37109375 0.26944444444444443 0.0859375 0.3111111111111111
0 0.2828125 0.4736111111111111 0.0875 0.3972222222222222
0 0.30390625 0.3013888888888889 0.0734375 0.225
2 0.95859375 0.8805555555555555 0.0796875 0.23333333333333334