2 0.09296875 0.09583333333333334 0.0578125 0.19166666666666668
2 0.9234375 0.8388888888888889 0.15 0.31666666666666665
2 0.20625 0.041666666666666664 0.046875 0.08333333333333333
2 0.15859375 0.07916666666666666 0.0484375 0.15833333333333333
1 0.80625 0.5180555555555556 0.11875 0.5027777777777778
0 0.41328125 0.39861111111111114 0.1234375 0.3861111111111111
0 0.52578125 0.3 0.0765625 0.38333333333333336
0 0.19296875 0.5055555555555555 0.1140625 0.49444444444444446
2 0.8078125 0.11527777777777778 0.065625 0.23055555555555557
2 0.48046875 0.8694444444444445 0.1640625 0.25555555555555554
0 0.4609375 0.33194444444444443 0.0625 0.3416666666666667
0 0.3109375 0.4097222222222222 0.09375 0.425