2 0.16484375 0.10972222222222222 0.0640625 0.21944444444444444
0 0.32890625 0.2 0.0765625 0.2
2 0.528125 0.9097222222222222 0.05 0.1361111111111111
1 0.62890625 0.36666666666666664 0.1484375 0.28888888888888886
0 0.2421875 0.4375 0.075 0.49722222222222223
0 0.5328125 0.5652777777777778 0.140625 0.4361111111111111
0 0.33984375 0.34305555555555556 0.1015625 0.39166666666666666
0 0.4734375 0.5277777777777778 0.175 0.38333333333333336
0 0.43125 0.4013888888888889 0.08125 0.35833333333333334
0 0.9625 0.13194444444444445 0.071875 0.2638888888888889
0 0.3155 0.30775 0.1015625 0.3277777777777778