2 0.6734375 0.1111111111111111 0.06875 0.2222222222222222
2 0.425 0.30972222222222223 0.0875 0.225
2 0.6265625 0.10138888888888889 0.05625 0.20277777777777778
2 0.98046875 0.09166666666666666 0.0359375 0.1
0 0.32734375 0.5388888888888889 0.1859375 0.5055555555555555
0 0.6375 0.4444444444444444 0.1625 0.46111111111111114
0 0.52109375 0.5625 0.1734375 0.5527777777777778
0 0.70546875 0.3638888888888889 0.1234375 0.40555555555555556
0 0.44375 0.4986111111111111 0.115625 0.44722222222222224
0 0.95625 0.3055555555555556 0.084375 0.5055555555555555
1 0.40859375 0.3611111111111111 0.1203125 0.3277777777777778