2 0.04921875 0.28888888888888886 0.0796875 0.42777777777777776
2 0.28359375 0.09166666666666666 0.0640625 0.18333333333333332
2 0.3328125 0.043055555555555555 0.046875 0.08055555555555556
0 0.65703125 0.35555555555555557 0.1390625 0.35555555555555557
1 0.83984375 0.6 0.1234375 0.4666666666666667
0 0.50625 0.39166666666666666 0.1375 0.37777777777777777
0 0.390625 0.45416666666666666 0.1375 0.38055555555555554
0 0.86171875 0.12361111111111112 0.0671875 0.24722222222222223
0 0.5390625 0.3347222222222222 0.121875 0.3861111111111111
0 0.30234375 0.575 0.1078125 0.46111111111111114
0 0.8125 0.9013888888888889 0.13125 0.19166666666666668