2 0.7671875 0.12083333333333333 0.096875 0.24166666666666667
2 0.45625 0.04027777777777778 0.0625 0.08055555555555556
2 0.08359375 0.09861111111111111 0.1453125 0.19722222222222222
1 0.7671875 0.36666666666666664 0.10625 0.42777777777777776
0 0.5734375 0.5861111111111111 0.153125 0.5333333333333333
0 0.4484375 0.5027777777777778 0.140625 0.5611111111111111
0 0.43828125 0.2625 0.0796875 0.3972222222222222
0 0.3265625 0.44583333333333336 0.103125 0.49166666666666664
0 0.35 0.26805555555555555 0.0875 0.425
0 0.86953125 0.9166666666666666 0.1171875 0.16111111111111112
0 0.29375 0.40694444444444444 0.0625 0.4583333333333333