2 0.5359375 0.6763888888888889 0.20625 0.6361111111111111
0 0.19921875 0.6361111111111111 0.1796875 0.7222222222222222
0 0.9484375 0.6402777777777777 0.1 0.7138888888888889
0 0.66484375 0.6222222222222222 0.1453125 0.7444444444444445
0 0.5046875 0.33055555555555555 0.16875 0.4666666666666667
0 0.32265625 0.6388888888888888 0.2046875 0.7111111111111111
0 0.80703125 0.6972222222222222 0.1421875 0.6
0 0.62109375 0.31666666666666665 0.1203125 0.4388888888888889
0 0.8203125 0.3375 0.140625 0.25277777777777777
0 0.85 0.6430555555555556 0.159375 0.7027777777777777
2 0.49548437500000003 0.3026388888888889 0.13075 0.34794444444444445