2 0.82734375 0.09027777777777778 0.0734375 0.18055555555555555
2 0.2078125 0.04583333333333333 0.0625 0.09166666666666666
2 0.76875 0.08055555555555556 0.05 0.16111111111111112
0 0.4015625 0.6097222222222223 0.196875 0.49722222222222223
0 0.571875 0.6055555555555555 0.203125 0.45555555555555555
0 0.71171875 0.425 0.1546875 0.4166666666666667
0 0.70390625 0.2986111111111111 0.1359375 0.41388888888888886
0 0.0421875 0.1375 0.084375 0.275
0 0.625 0.21944444444444444 0.09375 0.2777777777777778
0 0.59453125 0.4847222222222222 0.1359375 0.4361111111111111
1 0.43125 0.3763888888888889 0.10625 0.41388888888888886