2 0.45546875 0.55 0.1578125 0.8777777777777778
0 0.196875 0.6333333333333333 0.18125 0.7277777777777777
0 0.53125 0.675 0.2625 0.6444444444444445
0 0.95703125 0.6375 0.0828125 0.7194444444444444
0 0.31796875 0.6513888888888889 0.1921875 0.6916666666666667
0 0.79375 0.7041666666666667 0.14375 0.5861111111111111
0 0.8546875 0.6430555555555556 0.125 0.7083333333333334
0 0.6171875 0.48333333333333334 0.15625 0.7666666666666667
0 0.659375 0.6069444444444444 0.134375 0.775
0 0.815625 0.3638888888888889 0.1375 0.31666666666666665
0 0.5453125 0.5486111111111112 0.884375 0.8916666666666667