2 0.73671875 0.11527777777777778 0.0703125 0.23055555555555557
2 0.94296875 0.07777777777777778 0.0984375 0.15555555555555556
2 0.12578125 0.06805555555555555 0.0859375 0.1361111111111111
2 0.90234375 0.05694444444444444 0.0578125 0.11388888888888889
2 0.6265625 0.28888888888888886 0.090625 0.4166666666666667
0 0.30625 0.5791666666666667 0.14375 0.525
0 0.5734375 0.4388888888888889 0.128125 0.4777777777777778
0 0.4875 0.5541666666666667 0.175 0.5638888888888889
0 0.6390625 0.37222222222222223 0.140625 0.4166666666666667
0 0.39609375 0.49722222222222223 0.1328125 0.43333333333333335
0 0.97890625 0.33194444444444443 0.0390625 0.39166666666666666
1 0.33515625 0.275 0.1140625 0.28888888888888886