2 0.12578125 0.06111111111111111 0.0765625 0.12222222222222222
2 0.59609375 0.09027777777777778 0.0453125 0.18055555555555555
0 0.44921875 0.45555555555555555 0.1328125 0.35555555555555557
0 0.72890625 0.6083333333333333 0.1796875 0.40555555555555556
0 0.73828125 0.5138888888888888 0.1109375 0.38333333333333336
0 0.20703125 0.325 0.1265625 0.25
1 0.21015625 0.5944444444444444 0.1046875 0.5277777777777778
0 0.33203125 0.3763888888888889 0.1609375 0.4027777777777778
0 0.15859375 0.8875 0.1640625 0.21944444444444444
0 0.58671875 0.8958333333333334 0.1578125 0.20277777777777778
0 0.32265625 0.4666666666666667 0.0890625 0.3611111111111111