2 0.6234375 0.8847222222222222 0.121875 0.225
1 0.23046875 0.3625 0.0890625 0.5305555555555556
0 0.34375 0.21805555555555556 0.10625 0.41944444444444445
0 0.4484375 0.25833333333333336 0.134375 0.40555555555555556
0 0.65703125 0.5305555555555556 0.1609375 0.5
0 0.6984375 0.44722222222222224 0.14375 0.5111111111111111
0 0.52265625 0.28194444444444444 0.1109375 0.4027777777777778
2 0.8418906249999999 0.21058333333333334 0.0875 0.4027777777777778
0 0.55546875 0.3541666666666667 0.1015625 0.4305555555555556
0 0.05078125 0.8930555555555556 0.1015625 0.20833333333333334
0 0.615625 0.40555555555555556 0.075 0.4888888888888889