2 0.55703125 0.5333333333333333 0.1265625 0.6277777777777778
2 0.5734375 0.3763888888888889 0.090625 0.3138888888888889
0 0.1671875 0.4027777777777778 0.115625 0.4
0 0.640625 0.5472222222222223 0.084375 0.4888888888888889
0 0.41328125 0.6402777777777777 0.0921875 0.5361111111111111
0 0.49453125 0.6666666666666666 0.0953125 0.5222222222222223
0 0.29609375 0.5694444444444444 0.0671875 0.45555555555555555
0 0.575 0.21388888888888888 0.075 0.16111111111111112
0 0.33828125 0.6138888888888889 0.0859375 0.48333333333333334
0 0.56796875 0.6236111111111111 0.0609375 0.5083333333333333
0 0.696875 0.2902777777777778 0.0375 0.33055555555555555
0 0.6734375 0.3138888888888889 0.05 0.35555555555555557
0 0.45546875 0.5805555555555556 0.0640625 0.45555555555555555
0 0.353125 0.5194444444444445 0.06875 0.4888888888888889