2 0.06484375 0.14305555555555555 0.0734375 0.2361111111111111
2 0.15 0.12222222222222222 0.034375 0.18888888888888888
1 0.61328125 0.4152777777777778 0.0984375 0.3861111111111111
0 0.75859375 0.15 0.0703125 0.3
0 0.42578125 0.3347222222222222 0.0703125 0.3194444444444444
0 0.2953125 0.6 0.096875 0.46111111111111114
0 0.39375 0.4 0.084375 0.39444444444444443
0 0.68828125 0.9194444444444444 0.1171875 0.15555555555555556
0 0.9421875 0.8833333333333333 0.1125 0.22777777777777777
0 0.30859375 0.275 0.0546875 0.18333333333333332
0 0.34296875 0.46805555555555556 0.0609375 0.41388888888888886
0 0.2671875 0.5569444444444445 0.06875 0.4583333333333333