2 0.95390625 0.8680555555555556 0.0890625 0.25833333333333336
2 0.740625 0.9277777777777778 0.134375 0.1388888888888889
2 0.70703125 0.9277777777777778 0.0640625 0.1388888888888889
0 0.5234375 0.3013888888888889 0.128125 0.3638888888888889
1 0.6859375 0.3972222222222222 0.078125 0.48333333333333334
0 0.290625 0.3902777777777778 0.125 0.35833333333333334
0 0.4375 0.6138888888888889 0.184375 0.4666666666666667
0 0.34375 0.5402777777777777 0.165625 0.3861111111111111
0 0.43203125 0.3013888888888889 0.0890625 0.33611111111111114
2 0.96171875 0.10972222222222222 0.0734375 0.21944444444444444
0 0.37734375 0.34444444444444444 0.1203125 0.2833333333333333