2 0.8 0.10694444444444444 0.06875 0.21388888888888888
2 0.20859375 0.059722222222222225 0.0796875 0.11944444444444445
2 0.96484375 0.05694444444444444 0.0671875 0.11388888888888889
0 0.3703125 0.5611111111111111 0.19375 0.45
0 0.55390625 0.575 0.2109375 0.5055555555555555
0 0.06796875 0.1527777777777778 0.0984375 0.3055555555555556
0 0.64375 0.4527777777777778 0.134375 0.4166666666666667
0 0.725 0.3472222222222222 0.115625 0.36666666666666664
0 0.49453125 0.49027777777777776 0.1234375 0.44722222222222224
1 0.377390625 0.3388888888888889 0.10625 0.3055555555555556
0 0.6671875 0.2791666666666667 0.1 0.3527777777777778